-0.0111117
-0.04087
0.00287647
0.00711735
-0.0271933
0.0300697
0.0306708
0.0011372
0.0102678
0.0071112
-0.0009128
0.0217821
-0.00876352
0.0591655
0.00395274
0.0107574
0.0349873
0.0116058
0.0085858
-0.00798827
0.0203932
-0.0174267
0.0341186
0.057863
0.00328309
0.0424556
0.053556
-0.0143422
-0.00896493
0.0420564
0.0209555
0.0494927
0.0548864
0.0546517
0.0708529
0.0581267
0.0725207
0.0166274
0.0474351
0.0464945
0.0139632
0.0615264
0.0329964
0.0954414
0.0446729
0.079566
0.0748691
0.049426
0.021992
0.0762231
0.0568377
0.0995197
0.10071
0.132643
0.108863
0.0818378
0.109617
0.0793853
0.106696
0.109666
0.114238
0.110293
0.147684
0.0793685
0.138816
0.154424
0.15414
0.153926
0.144599
0.163816
0.164909
0.148461
0.149137
0.154694
0.129997
0.164139
0.177061
0.186186
0.21745
0.177959
0.205466
0.214061
0.221162
0.178154
0.211277
0.215974
0.189602
0.200349
0.248945
0.223864
0.240398
0.237066
0.223402
0.22945
0.257854
0.228472
0.274644
0.27364
0.243748
0.260931
0.242322
0.222088
0.303737
0.271887
0.296314
0.298225
0.296786
0.275636
0.280925
0.298773
0.283028
0.290579
0.356179
0.325665
0.29829
0.330414
0.307832
0.306235
0.336931
0.370526
0.35445
0.370454
0.329693
0.35027
0.358663
0.338949
0.340181
0.398595
0.37988
0.367333
0.405972
0.395288
0.369058
0.428862
0.407164
0.439145
0.433742
0.391913
0.379882
0.412518
0.409289
0.399843
0.43565
0.46253
0.415522
0.410475
0.42793
0.452544
0.417975
0.411791
0.4406
0.444638
0.460144
0.436079
0.448812
0.444085
0.455118
0.496207
0.445799
0.429372
0.475146
0.44383
0.467994
0.453782
0.483617
0.48555
0.467915
0.424171
0.47889
0.516204
0.50292
0.44043
0.477396
0.463737
0.455922
0.451766
0.489517
0.472954
0.485062
0.475183
0.473243
0.494066
0.503541
0.536837
0.452244
0.460076
0.510204
0.475283
0.45079
0.492104
0.52224
0.501628
0.531149
0.495514
0.527261
0.472566
0.451789
0.473747
0.506754
0.449877
0.4908
0.459929
0.486179
0.444865
0.471574
0.41943
0.454594
0.476492
0.456134
0.49184
0.444108
0.400421
0.425309
0.479231
0.449048
0.458702
0.469592
0.392543
0.425487
0.421747
0.411626
0.429761
0.468582
0.428238
0.455547
0.405899
0.41948
0.397505
0.427544
0.404282
0.418775
0.420037
0.398615
0.419024
0.450111
0.402991
0.38599
0.404618
0.379788
0.347638
0.382405
0.366771
0.3564
0.390496
0.400598
0.338261
0.348629
0.32255
0.353799
0.275976
0.352918
0.330395
0.327017
0.345482
0.304701
0.302938
0.270351
0.25599
0.27494
0.294343
0.269446
0.245569
0.299068
0.251159
0.262984
0.258381
0.247448
0.258038
0.236611
0.197209
0.207635
0.23348
0.192086
0.208703
0.189098
0.178062
0.176679
0.186784
0.1957
0.18373
0.206976
0.169541
0.133085
0.164896
0.161485
0.162205
0.161579
0.174899
0.125147
0.139091
0.127057
0.10836
0.168862
0.105181
0.0717602
0.143703
0.103343
0.06265
0.0997383
0.110211
0.05219
0.071559
0.0595273
0.0296153
0.081336
0.0473624
0.0550505
0.0192554
0.0154657
0.0340141
0.0243998
0.0613865
0.00522131
0.0604189
0.0378468
-0.0519636
-0.051065
-0.0287707
-0.023913
-0.0237787
-0.00870604
-0.0515939
-0.0566529
-0.0486524
-0.0487821
-0.0459338
-0.0315477
-0.0472706
-0.109543
-0.0546373
-0.0558153
-0.0643909
-0.0525854
-0.0811454
-0.110115
-0.102358
-0.162152
-0.0953465
-0.1077
-0.129247
-0.135119
-0.149319
-0.127936
-0.121273
-0.142434
-0.150421
-0.142842
-0.149976
-0.172254
-0.121035
-0.14466
-0.12812
-0.175031
-0.193522
-0.149878
-0.171575
-0.194262
-0.181609
-0.230761
-0.158822
-0.211492
-0.207116
-0.160601
-0.21778
-0.208758
-0.212949
-0.163684
-0.203566
-0.23474
-0.237651
-0.169682
-0.16624
-0.176332
-0.248996
-0.226034
-0.227143
-0.216693
-0.239924
-0.251555
-0.239816
-0.203376
-0.173287
-0.226962
-0.240658
-0.218509
-0.24798
-0.19188
-0.211368
-0.269527
-0.25676
-0.208316
-0.231871
-0.233079
-0.284637
-0.238056
-0.227082
-0.25979
-0.269126
-0.24957
-0.27053
-0.246597
-0.237467
-0.210739
-0.239722
-0.256933
-0.203638
-0.222703
-0.236906
-0.225999
-0.253896
-0.220211
-0.233488
-0.224489
-0.263923
-0.200347
-0.226295
-0.28257
-0.223307
-0.201987
-0.215949
-0.196615
-0.1971
-0.250656
-0.282945
-0.181699
-0.213465
-0.221307
-0.230388
-0.255962
-0.21172
-0.248393
-0.233545
-0.215722
-0.189958
-0.197338
-0.236778
-0.166011
-0.198159
-0.151873
-0.224459
-0.212326
-0.209239
-0.190758
-0.209374
-0.207005
-0.238688
-0.198312
-0.168475
-0.176261
-0.173156
-0.169009
-0.159287
-0.172773
-0.174698
-0.142251
-0.161571
-0.143097
-0.168811
-0.145841
-0.121075
-0.157535
-0.129591
-0.135296
-0.128282
-0.132334
-0.170795
-0.120126
-0.0788491
-0.0935617
-0.115669
-0.119297
-0.0938129
-0.10573
-0.105875
-0.0878909
-0.0558348
-0.143867
-0.0655799
-0.0999677
-0.049818
-0.12792
-0.0712462
-0.0604505
-0.0686793
-0.0601928
-0.0886851
-0.0759639
-0.0644856
-0.0321977
-0.0512977
0.0036492
-0.0271272
-0.0727793
-0.0353505
-0.0362696
-0.0144694
-0.0188543
-0.0170947
-0.0247373
-0.00542829
-0.0352725
0.0176479
-0.0258739
-0.00672156
0.00940164
0.0223311
0.0180918
0.0656362
0.066118
0.0446658
0.0341825
0.0151309
0.0261929
0.00634744
0.0343377
0.0356669
0.0927598
0.0715024
0.0571153
0.0510351
0.0630486
0.082925
0.121329
0.0775919
0.0927997
0.0909003
0.0903784
0.103784
0.112292
0.0848067
0.0781423
0.0937263
0.114958
0.122227
0.0815919
0.118598
0.0942922
0.0921453
0.115563
0.12679
0.0915832
0.0705042
0.107557
0.124158
0.114665
0.152177
0.107414
0.135512
0.0982072
0.0877719
0.135612
0.0866987
0.0896492
0.107464
0.0873518
0.137946
0.11846
0.0941387
0.104432
0.102896
0.125234
0.0688528
0.110655
0.0946779
0.136987
0.144033
0.133052
0.126258
0.0646689
0.128999
0.107412
0.12189
0.119979
0.0996099
0.141461
0.132846
0.117969
0.147764
0.163478
0.0972126
0.121939
0.095074
0.13934
0.132279
0.106085
0.103511
0.0978119
0.137249
0.107418
0.107758
0.079378
0.116514
0.172848
0.112351
0.0683121
0.106471
0.0639767
0.0998903
0.053545
0.110121
0.118864
0.126625
0.119665
0.0649248
0.0914013
0.100078
0.0491543
0.0773409
0.0880988
0.0351712
0.0403803
0.0797141
0.0579754
0.06789
0.0852149
0.0602574
0.0260139
0.0598667
0.0341544
0.0152537
0.0824382
0.0299554
0.00129285
0.036178
0.0582128
0.0280518
0.028614
0.00792681
-0.00238999
0.0185489
-0.0112903
-0.00913602
-0.0279882
-0.0360899
-0.0303276
-0.0566829
-0.0260028
-0.0336119
-0.0420571
-0.100175
-0.0623928
-0.0478046
-0.0492433
-0.0584807
-0.0687932
-0.111391
-0.0689089
-0.0845151
-0.0742021
-0.0761764
-0.0976065
-0.0926415
-0.113552
-0.118259
-0.124729
-0.143343
-0.119057
-0.0995828
-0.14873
-0.151949
-0.127062
-0.148163
-0.117298
-0.201285
-0.190665
-0.188235
-0.121569
-0.168906
-0.195734
-0.18949
-0.202622
-0.176306
-0.204411
-0.19015
-0.198104
-0.226071
-0.228438
-0.227787
-0.255399
-0.246905
-0.248394
-0.275831
-0.233523
-0.288708
-0.284001
-0.299621
-0.250352
-0.297831
-0.328215
-0.271016
-0.260101
-0.283837
-0.302217
-0.331639
-0.333602
-0.289821
-0.296474
-0.344015
-0.314634
-0.333573
-0.352957
-0.368707
-0.346491
-0.40234
-0.400486
-0.317442
-0.371568
-0.310955
-0.384996
-0.379625
-0.365708
-0.396865
-0.409285
-0.36619
-0.425874
-0.389682
-0.425322
-0.398846
-0.400316
-0.444967
-0.41567
-0.407365
-0.461734
-0.431334
-0.444675
-0.47729
-0.457703
-0.458334
-0.484528
-0.509168
-0.486825
-0.468031
-0.51236
-0.443094
-0.491433
-0.530186
-0.479797
-0.448705
-0.48628
-0.486697
-0.493889
-0.491421
-0.47667
-0.495952
-0.484497
-0.492808
-0.50428
-0.503197
-0.536196
-0.537339
-0.516366
-0.509302
-0.54122
-0.501566
-0.519409
-0.457435
-0.515608
-0.559298
-0.519602
-0.517886
-0.54365
-0.526942
-0.548086
-0.534003
-0.524803
-0.506727
-0.518401
-0.602198
-0.531673
-0.518445
-0.538998
-0.518343
-0.520354
-0.507587
-0.509497
-0.516896
-0.580845
-0.564705
-0.523708
-0.563668
-0.554411
-0.522382
-0.537701
-0.5123
-0.569952
-0.52571
-0.576269
-0.570822
-0.527401
-0.536869
-0.559971
-0.538601
-0.544371
-0.550575
-0.521638
-0.562118
-0.517384
-0.572098
-0.508444
-0.510574
-0.499008
-0.53228
-0.497487
-0.537672
-0.488405
-0.55934
-0.499091
-0.521229
-0.519909
-0.49497
-0.503969
-0.469774
-0.493049
-0.463553
-0.496957
-0.481133
-0.469939
-0.449511
-0.458784
-0.478435
-0.502019
-0.482126
-0.454181
-0.483005
-0.448266
-0.424859
-0.442449
-0.441142
-0.431592
-0.408123
-0.399263
-0.455943
-0.422631
-0.409445
-0.425863
-0.355042
-0.391154
-0.429125
-0.384902
-0.383296
-0.378467
-0.434288
-0.351915
-0.423554
-0.354055
-0.403306
-0.362864
-0.344129
-0.343544
-0.358698
-0.378013
-0.354144
-0.366761
-0.38351
-0.36026
-0.319166
-0.315455
-0.334668
-0.318657
-0.304435
-0.306169
-0.299866
-0.251687
-0.352929
-0.285313
-0.281269
-0.267892
-0.293369
-0.253273
-0.265743
-0.244719
-0.237087
-0.224037
-0.253035
-0.2152
-0.237398
-0.273426
-0.237982
-0.24213
-0.267367
-0.231019
-0.230706
-0.193585
-0.197987
-0.180413
-0.190591
-0.196801
-0.191006
-0.177079
-0.151213
-0.155943
-0.204301
-0.16437
-0.167931
-0.144469
-0.161051
-0.12218
-0.150139
-0.177158
-0.103384
-0.121958
-0.115345
-0.141773
-0.101347
-0.171495
-0.0868
-0.109436
-0.145271
-0.132031
-0.0929492
-0.0888199
-0.115053
-0.0976905
-0.0489774
-0.0904711
-0.075078
-0.0526836
-0.0468509
-0.0624701
-0.102394
-0.0997117
-0.045892
-0.0704864
-0.0361756
-0.0801273
-0.0323158
-0.0248276
-0.0283216
-0.0595167
-0.0405394
-0.0187816
-0.0655112
-0.0416692
-0.0476149
0.0059608
0.0264851
0.00368571
-0.029717
-0.00397398
-0.0127822
-0.0259044
0.00534589
0.00156068
-0.0269074
-0.0141992
-0.00212609
0.0221274
-0.0224648
-0.00531824
-0.000426848
0.0371885
0.057964
0.0511704
0.0395885
0.0262693
0.0205898
-0.0166115
0.0106251
0.0216113
0.0283954
-0.000975423
0.008169
0.0384655
-0.00336798
0.00711604
0.0336151
0.0646159
0.00220884
0.0426232
0.00842069
0.019989
0.0135061
0.0589283
0.0487434
-0.023755
0.0182676
0.0402848
-0.0112695
0.0208169
0.015474
0.0370547
0.00339895
0.0255175
0.0100042
-0.0126126
0.0114788
0.00897859
0.0119927
0.0103797
-0.0217112
0.0425616
0.0471861
0.0101755
-0.00634431
0.015179
-0.00109602
0.00812639
-0.0372999
0.0446497
0.0103786
