0.00639842
0.00657055
0.00722443
0.00791784
0.0086154
0.00968021
0.0105354
0.0111863
0.0119416
0.0127123
0.0135386
0.0145124
0.0154083
0.0165557
0.0172646
0.0181129
0.0190366
0.0197959
0.0206392
0.0216016
0.0228645
0.0241454
0.025851
0.0274711
0.0287795
0.0303522
0.0318011
0.0330246
0.034729
0.0368749
0.0389618
0.0412338
0.0434208
0.0454926
0.0474745
0.0492197
0.0508785
0.0523139
0.0541148
0.0559794
0.0579356
0.0603395
0.062724
0.0654149
0.0677942
0.0704132
0.0729368
0.0754389
0.078201
0.0815334
0.0849115
0.0885765
0.092128
0.0955967
0.0986894
0.10168
0.104875
0.108016
0.111449
0.114928
0.118459
0.122031
0.125726
0.12919
0.133165
0.137079
0.140818
0.144423
0.147933
0.151479
0.1549
0.158219
0.161637
0.165181
0.168827
0.172867
0.176992
0.181116
0.185191
0.188937
0.192799
0.196533
0.200091
0.203433
0.207036
0.210594
0.214095
0.217844
0.221772
0.225421
0.22909
0.232644
0.236152
0.23979
0.243534
0.247128
0.250917
0.254464
0.257816
0.261313
0.264811
0.268534
0.272731
0.276606
0.280535
0.284303
0.287932
0.29147
0.29517
0.299013
0.302855
0.306898
0.311109
0.314861
0.318504
0.322356
0.326122
0.330073
0.334265
0.338431
0.342271
0.345992
0.349464
0.353139
0.356841
0.360522
0.364422
0.368569
0.372408
0.376174
0.380033
0.383627
0.387104
0.390769
0.394045
0.397196
0.399923
0.402308
0.404801
0.407547
0.41024
0.412941
0.415778
0.418416
0.420605
0.422849
0.425219
0.427562
0.42965
0.431858
0.434269
0.436615
0.438882
0.440932
0.443034
0.445077
0.447131
0.449109
0.450606
0.452155
0.453938
0.455501
0.457186
0.45876
0.460387
0.46178
0.462932
0.464033
0.465542
0.466915
0.467791
0.468311
0.469119
0.469839
0.470621
0.471551
0.472682
0.47364
0.474607
0.475468
0.476332
0.477229
0.477957
0.478432
0.47831
0.478459
0.478795
0.478809
0.478859
0.479197
0.479404
0.479178
0.478733
0.477756
0.476609
0.474947
0.473312
0.471897
0.470464
0.468659
0.467052
0.4652
0.463406
0.461378
0.459522
0.457538
0.455943
0.454361
0.452553
0.450714
0.448457
0.446243
0.444494
0.44294
0.441014
0.439013
0.436814
0.434279
0.432172
0.430129
0.428168
0.426376
0.424552
0.42228
0.419955
0.417267
0.414698
0.412078
0.409609
0.406955
0.404332
0.401563
0.398607
0.395656
0.392471
0.388703
0.384794
0.380877
0.376718
0.372528
0.368594
0.364516
0.360417
0.356362
0.351963
0.34707
0.342273
0.337409
0.332699
0.327767
0.323369
0.318665
0.313846
0.308897
0.303577
0.298249
0.292871
0.28772
0.28289
0.278139
0.273222
0.268343
0.263699
0.258692
0.253765
0.248745
0.243628
0.238475
0.233123
0.227734
0.222656
0.217729
0.212638
0.207758
0.202866
0.198112
0.193559
0.189176
0.184817
0.180347
0.175847
0.17103
0.166227
0.161763
0.157264
0.152723
0.148087
0.143317
0.138226
0.133271
0.128256
0.123252
0.118405
0.113041
0.107759
0.102847
0.0975152
0.0921252
0.0870378
0.0818207
0.0763128
0.0710539
0.0657868
0.0605805
0.055692
0.0505385
0.0454209
0.0402027
0.0351972
0.0303912
0.0255462
0.0207173
0.0154724
0.0103411
0.0047013
-0.0012767
-0.00673875
-0.0117554
-0.0166037
-0.0213793
-0.0261294
-0.0310596
-0.0357806
-0.0402916
-0.0447198
-0.0491071
-0.053525
-0.0581657
-0.0629199
-0.0671963
-0.0716038
-0.0761699
-0.0808518
-0.0858204
-0.0908358
-0.0956547
-0.100413
-0.104542
-0.10877
-0.113011
-0.117087
-0.120983
-0.124593
-0.128171
-0.13182
-0.135363
-0.138753
-0.142103
-0.145376
-0.148374
-0.151652
-0.154996
-0.158615
-0.162067
-0.165198
-0.168489
-0.171749
-0.174781
-0.177751
-0.180178
-0.182831
-0.185192
-0.18733
-0.189745
-0.191873
-0.193834
-0.195598
-0.197691
-0.199723
-0.201403
-0.202713
-0.20436
-0.206389
-0.208726
-0.21065
-0.212422
-0.214047
-0.215648
-0.217005
-0.218014
-0.218803
-0.219747
-0.221164
-0.222518
-0.223688
-0.224915
-0.225902
-0.227238
-0.228736
-0.229818
-0.230628
-0.231669
-0.232704
-0.233742
-0.23426
-0.234744
-0.235309
-0.235627
-0.235607
-0.235452
-0.234941
-0.234315
-0.233656
-0.233231
-0.232741
-0.232001
-0.231553
-0.231192
-0.230772
-0.230403
-0.229794
-0.229284
-0.228731
-0.228225
-0.227351
-0.226757
-0.22617
-0.225007
-0.223866
-0.222946
-0.222094
-0.221498
-0.221151
-0.220507
-0.219226
-0.218333
-0.217486
-0.216602
-0.215581
-0.214149
-0.21275
-0.210989
-0.209002
-0.206947
-0.205065
-0.203264
-0.201117
-0.199331
-0.197549
-0.196236
-0.194631
-0.192851
-0.190906
-0.188965
-0.186819
-0.184474
-0.181579
-0.178519
-0.175562
-0.172598
-0.169628
-0.166663
-0.163775
-0.160795
-0.157673
-0.15471
-0.151675
-0.14873
-0.14558
-0.142426
-0.139492
-0.136372
-0.133322
-0.130252
-0.127202
-0.124105
-0.120531
-0.116963
-0.113782
-0.110803
-0.107774
-0.104626
-0.101591
-0.098513
-0.0953596
-0.0922795
-0.0895758
-0.0863126
-0.0832679
-0.0800478
-0.0771428
-0.0737166
-0.0703197
-0.0670234
-0.0637088
-0.0604331
-0.0568708
-0.0531176
-0.0492487
-0.0455554
-0.0417973
-0.0385023
-0.0353225
-0.0317598
-0.028165
-0.0244869
-0.0209116
-0.0173563
-0.0138045
-0.0101407
-0.00652896
-0.00262149
0.00107364
0.00504452
0.00913275
0.013218
0.0172104
0.0211991
0.0247388
0.0278624
0.0308192
0.0337414
0.0368528
0.0400677
0.0436245
0.0472716
0.0510403
0.054384
0.0575571
0.0607355
0.0640127
0.0673004
0.0704336
0.0730497
0.0756263
0.0780294
0.080304
0.0824792
0.0844408
0.0861204
0.0878151
0.0896089
0.091362
0.0928777
0.0940952
0.0954455
0.0965581
0.0976956
0.0988911
0.0999187
0.100673
0.10152
0.102682
0.103794
0.104699
0.10551
0.105846
0.106173
0.1062
0.10631
0.106611
0.106613
0.106818
0.107197
0.10757
0.108152
0.108428
0.108604
0.108928
0.109296
0.109731
0.110002
0.110695
0.111382
0.112242
0.112851
0.113147
0.113244
0.113205
0.113664
0.113962
0.114328
0.114617
0.114851
0.115244
0.115369
0.115318
0.115246
0.114847
0.113954
0.113237
0.112428
0.1118
0.110891
0.109766
0.108681
0.107646
0.106715
0.105471
0.104211
0.102913
0.101857
0.100656
0.0987209
0.0966515
0.0948738
0.092972
0.091368
0.0896705
0.0883447
0.0867962
0.084927
0.0826393
0.0799766
0.0774725
0.0748274
0.0719238
0.0692558
0.0665052
0.0635323
0.0608488
0.0583735
0.0556786
0.0529639
0.0501007
0.0468821
0.0435289
0.0403576
0.0369852
0.0336419
0.030491
0.0268087
0.0230973
0.0196103
0.0159564
0.0118746
0.00763418
0.00318182
-0.00131695
-0.00580187
-0.0105354
-0.0152581
-0.0200442
-0.0247498
-0.0293405
-0.0339246
-0.0382755
-0.0427529
-0.0473217
-0.0519482
-0.0560829
-0.0601567
-0.0643557
-0.0687066
-0.0731598
-0.0776599
-0.0818143
-0.0861034
-0.0904059
-0.0948716
-0.0995263
-0.104197
-0.108987
-0.113729
-0.118426
-0.123061
-0.127489
-0.132002
-0.136846
-0.141566
-0.14618
-0.150989
-0.155822
-0.161051
-0.165869
-0.170439
-0.174826
-0.179756
-0.184792
-0.189716
-0.194644
-0.199488
-0.204569
-0.209648
-0.214924
-0.22037
-0.225757
-0.231117
-0.236512
-0.241715
-0.246868
-0.252007
-0.256902
-0.26204
-0.266905
-0.271601
-0.276011
-0.280687
-0.285189
-0.289253
-0.293504
-0.298092
-0.302822
-0.30756
-0.312053
-0.316327
-0.320871
-0.325663
-0.330264
-0.335026
-0.339802
-0.344447
-0.348845
-0.353274
-0.357207
-0.360699
-0.364638
-0.368495
-0.372942
-0.37726
-0.381553
-0.38601
-0.390356
-0.394507
-0.398952
-0.403118
-0.407425
-0.411547
-0.415799
-0.42021
-0.424367
-0.428612
-0.433076
-0.437245
-0.441477
-0.44568
-0.449561
-0.453362
-0.457117
-0.460597
-0.463587
-0.466345
-0.469092
-0.471395
-0.473993
-0.476416
-0.478292
-0.480155
-0.482339
-0.48448
-0.4866
-0.488645
-0.490662
-0.492822
-0.494948
-0.49718
-0.499456
-0.501683
-0.503898
-0.505787
-0.507358
-0.508841
-0.510322
-0.511488
-0.512759
-0.513955
-0.515728
-0.517501
-0.518848
-0.520191
-0.52156
-0.522703
-0.523808
-0.524667
-0.525433
-0.526204
-0.527173
-0.528237
-0.528546
-0.52883
-0.52922
-0.529509
-0.529911
-0.530408
-0.531135
-0.532078
-0.533179
-0.533795
-0.534099
-0.534516
-0.534636
-0.534556
-0.534603
-0.534614
-0.534857
-0.534739
-0.534721
-0.534281
-0.533472
-0.53273
-0.531947
-0.530879
-0.529737
-0.528449
-0.526936
-0.525483
-0.523655
-0.5219
-0.519631
-0.51748
-0.515397
-0.513482
-0.511373
-0.50941
-0.507155
-0.5051
-0.50249
-0.499921
-0.497138
-0.494124
-0.491105
-0.487953
-0.484988
-0.481938
-0.479078
-0.476034
-0.47294
-0.469874
-0.467016
-0.46424
-0.461324
-0.457995
-0.454425
-0.450863
-0.446973
-0.443071
-0.439356
-0.435607
-0.431803
-0.427999
-0.424396
-0.42105
-0.417346
-0.413592
-0.409882
-0.406003
-0.402645
-0.399402
-0.395853
-0.392418
-0.389074
-0.385842
-0.382112
-0.3787
-0.374824
-0.371168
-0.367182
-0.363241
-0.359494
-0.355907
-0.352293
-0.348417
-0.344487
-0.340336
-0.335748
-0.330914
-0.3262
-0.321597
-0.316859
-0.312104
-0.307427
-0.302761
-0.298121
-0.293959
-0.289191
-0.284468
-0.279777
-0.275208
-0.27045
-0.26587
-0.261288
-0.256873
-0.252655
-0.248727
-0.24475
-0.241074
-0.237437
-0.233432
-0.229386
-0.225214
-0.220615
-0.215915
-0.211064
-0.206392
-0.201801
-0.197428
-0.193122
-0.188778
-0.184411
-0.180116
-0.176114
-0.172317
-0.168192
-0.164109
-0.159985
-0.156021
-0.152
-0.148285
-0.144551
-0.140481
-0.136791
-0.133247
-0.129885
-0.126397
-0.123171
-0.119447
-0.116059
-0.112739
-0.109089
-0.105207
-0.101451
-0.0978245
-0.0940212
-0.090178
-0.0867559
-0.0832909
-0.0799074
-0.0767978
-0.0739898
-0.0712994
-0.0682938
-0.0649689
-0.0618426
-0.058624
-0.0556377
-0.0523973
-0.0493618
-0.0465727
-0.0439689
-0.0412046
-0.0384467
-0.0358923
-0.0330346
-0.0300936
-0.0269713
-0.0241818
-0.0219032
-0.0198816
-0.0177557
-0.015771
-0.0138167
-0.0117371
-0.00983184
-0.00804295
-0.00606129
-0.00399832
-0.00195286
-0.000155084
0.00187196
0.00396969
0.00611465
0.00794719
0.00927681
0.010187
0.010803
0.0112651
0.0116308
0.0122854
0.012955
0.0135376
0.0139679
0.0145516
0.0152012
0.015611
0.0162157
0.0169131
0.0174439
0.0174937
0.0177065
0.0176628
0.017716
0.0177447
0.017821
0.0174807
0.0168214
0.0165795
0.0163186
0.0158107
0.015582
0.0152971
0.0150132
0.0145034
0.0141102
0.0135991
0.0131233
0.0129095
0.0127074
0.0125431
0.0123839
0.0122416
0.0124485
0.0123483
0.0118956
0.0114621
0.0112105
0.0109154
0.010743
0.0105913
0.0109313
0.0109224
