-0.0161035
-0.0213929
-0.00647004
-0.00128879
-0.00489918
0.0147003
0.0183638
0.00941891
0.00914239
0.00761755
0.00655039
0.0132536
0.0108959
0.0291825
0.0162546
0.0162487
0.0219084
0.0140132
0.00872887
0.00345209
0.0100652
0.00568839
0.0253203
0.0358758
0.023661
0.0327615
0.0318873
0.00855432
0.00885066
0.027419
0.0306288
0.0440084
0.0516723
0.0560658
0.0620379
0.0589057
0.0568236
0.0383417
0.042441
0.0412287
0.0344348
0.0489133
0.0500177
0.0690532
0.0605685
0.0688359
0.0659773
0.0540193
0.0466348
0.0647099
0.0705355
0.0906797
0.101569
0.113625
0.106106
0.0957979
0.0999979
0.0939991
0.10319
0.10863
0.11305
0.116198
0.125663
0.112051
0.132399
0.145893
0.150697
0.152058
0.15146
0.158009
0.158568
0.152612
0.150978
0.151234
0.147726
0.162536
0.175532
0.18696
0.199383
0.193031
0.202421
0.208578
0.209236
0.197467
0.205774
0.208293
0.202819
0.210932
0.230008
0.229411
0.234776
0.23432
0.231015
0.23552
0.246319
0.245004
0.260977
0.262813
0.253531
0.254504
0.24869
0.249229
0.277929
0.279684
0.2898
0.293176
0.29147
0.28425
0.285908
0.292673
0.293003
0.30354
0.32762
0.32218
0.313287
0.319986
0.315709
0.31952
0.336939
0.354394
0.355222
0.357141
0.345179
0.349316
0.352377
0.348872
0.355499
0.378015
0.379181
0.379709
0.393125
0.3932
0.391032
0.411697
0.414382
0.424821
0.420563
0.402761
0.396105
0.406119
0.409376
0.412658
0.429207
0.439223
0.425192
0.421251
0.428313
0.435827
0.426035
0.424585
0.436279
0.443405
0.449411
0.44429
0.447747
0.449964
0.458218
0.469872
0.454276
0.447497
0.459464
0.454979
0.462197
0.463236
0.474168
0.475373
0.466205
0.455066
0.475808
0.493293
0.487362
0.46538
0.469343
0.464747
0.46122
0.463028
0.476516
0.476459
0.480195
0.478842
0.481228
0.491825
0.500069
0.505078
0.47715
0.475052
0.488352
0.478951
0.473321
0.49088
0.507102
0.507678
0.514806
0.50494
0.505174
0.482455
0.469965
0.476078
0.484632
0.470164
0.476961
0.4692
0.471283
0.457794
0.457913
0.443583
0.45428
0.46453
0.462396
0.467083
0.44618
0.42739
0.436254
0.456354
0.452736
0.453204
0.448186
0.420882
0.423018
0.422318
0.422124
0.432712
0.446457
0.437285
0.437836
0.419908
0.41662
0.410117
0.416746
0.412044
0.41548
0.41549
0.410726
0.41849
0.425828
0.408102
0.395788
0.393629
0.380046
0.366647
0.372927
0.369225
0.368031
0.378912
0.37797
0.353675
0.345521
0.333895
0.334188
0.313779
0.33272
0.330469
0.328484
0.328184
0.309993
0.297484
0.279213
0.269988
0.275093
0.280356
0.271189
0.263774
0.275338
0.262159
0.260576
0.256421
0.250244
0.247077
0.23263
0.214021
0.212722
0.216663
0.203115
0.201175
0.191345
0.183847
0.18223
0.18628
0.189814
0.187253
0.188568
0.170867
0.154501
0.160235
0.160955
0.161188
0.16039
0.158541
0.139705
0.136064
0.129137
0.124223
0.135965
0.113567
0.0998587
0.115302
0.101221
0.0850149
0.0919513
0.0908345
0.0696561
0.0667176
0.0586236
0.049447
0.0609185
0.0511155
0.0454821
0.0298457
0.0251195
0.0302705
0.0313963
0.0399846
0.0262395
0.0346262
0.0164424
-0.0238181
-0.0350261
-0.0299813
-0.0263215
-0.0251173
-0.0251023
-0.0420631
-0.0491148
-0.0484978
-0.0478076
-0.0461131
-0.0444826
-0.0560882
-0.0769767
-0.0641273
-0.0613287
-0.0641176
-0.0664293
-0.0829886
-0.101395
-0.110714
-0.129066
-0.113065
-0.115574
-0.126048
-0.133167
-0.138418
-0.132411
-0.131026
-0.139673
-0.145426
-0.146029
-0.149965
-0.154042
-0.139172
-0.143188
-0.14533
-0.165318
-0.175307
-0.166461
-0.17485
-0.186526
-0.190112
-0.202818
-0.18637
-0.198717
-0.197719
-0.186902
-0.203423
-0.204926
-0.202728
-0.189776
-0.203806
-0.217988
-0.215137
-0.189062
-0.183014
-0.193875
-0.222905
-0.224887
-0.225963
-0.225744
-0.234913
-0.238956
-0.230164
-0.211475
-0.200947
-0.218916
-0.228439
-0.225384
-0.229721
-0.214944
-0.223987
-0.246034
-0.24388
-0.228489
-0.233992
-0.241392
-0.257608
-0.245813
-0.24213
-0.253933
-0.259647
-0.255592
-0.257963
-0.24732
-0.237548
-0.22768
-0.235311
-0.238412
-0.222289
-0.22554
-0.231579
-0.23204
-0.238929
-0.230236
-0.232038
-0.232168
-0.240462
-0.224264
-0.232878
-0.248379
-0.228533
-0.214291
-0.212707
-0.207547
-0.213518
-0.236438
-0.244926
-0.214061
-0.216889
-0.222901
-0.23052
-0.238435
-0.228124
-0.235027
-0.228048
-0.215543
-0.20278
-0.203171
-0.209716
-0.188096
-0.189592
-0.181735
-0.20493
-0.207748
-0.206079
-0.201095
-0.206821
-0.209782
-0.215862
-0.198394
-0.181115
-0.176851
-0.17307
-0.169191
-0.165438
-0.168068
-0.165877
-0.154522
-0.155956
-0.151397
-0.15558
-0.146044
-0.136695
-0.143577
-0.135859
-0.134744
-0.13295
-0.135935
-0.142866
-0.120976
-0.10003
-0.100826
-0.108959
-0.110198
-0.102048
-0.102506
-0.0996219
-0.0903039
-0.0832582
-0.104837
-0.085722
-0.0878758
-0.0770924
-0.0948659
-0.0782376
-0.0690594
-0.0686803
-0.068135
-0.0759018
-0.0704732
-0.0595662
-0.0435318
-0.0393455
-0.0224664
-0.0325601
-0.0482355
-0.0385363
-0.0324064
-0.022186
-0.0199442
-0.0187307
-0.0192473
-0.0140044
-0.017829
-0.00338254
-0.0109309
-0.00290962
0.00889336
0.0201561
0.0290722
0.0494866
0.0532808
0.0440184
0.0342182
0.0243682
0.0240566
0.0212996
0.0339732
0.0460156
0.0689643
0.067334
0.0616041
0.0604459
0.0688794
0.0832224
0.098048
0.0887714
0.0912639
0.0920495
0.0939981
0.0997058
0.101286
0.0915009
0.0886179
0.0964331
0.107012
0.109504
0.0987944
0.106064
0.100186
0.100424
0.109195
0.111478
0.0979832
0.0910299
0.105184
0.11676
0.120678
0.131079
0.11956
0.120916
0.107021
0.102208
0.112413
0.0984514
0.0967615
0.102332
0.102392
0.118199
0.113558
0.103967
0.104551
0.105137
0.108202
0.0934492
0.104274
0.10814
0.126051
0.132673
0.127756
0.117585
0.0981926
0.113583
0.112699
0.117462
0.117634
0.115276
0.129207
0.130378
0.129018
0.139156
0.140543
0.118177
0.117684
0.11242
0.125213
0.123366
0.112414
0.108028
0.108126
0.118991
0.110904
0.106606
0.10087
0.117281
0.13465
0.112653
0.0911232
0.0932262
0.081278
0.0874152
0.0802549
0.100834
0.111646
0.115231
0.107275
0.0864509
0.087965
0.0858647
0.0689555
0.0726387
0.0714453
0.0529616
0.0528496
0.0655481
0.0634699
0.0672028
0.0703225
0.0581271
0.0437085
0.0476655
0.0388255
0.0347248
0.0509562
0.0345089
0.0228534
0.0333938
0.0410215
0.0309358
0.0240414
0.012362
0.00522137
0.0060047
-0.00626392
-0.0131862
-0.0243689
-0.0318246
-0.0348765
-0.0427984
-0.0362655
-0.0403781
-0.0512653
-0.0718573
-0.0631728
-0.0555001
-0.0556832
-0.0623841
-0.0729992
-0.088143
-0.0791877
-0.0810921
-0.0793143
-0.0827716
-0.0930186
-0.0984137
-0.10984
-0.117391
-0.124093
-0.13028
-0.122975
-0.119636
-0.137036
-0.142284
-0.137586
-0.143871
-0.145343
-0.176009
-0.180453
-0.174766
-0.154967
-0.169707
-0.185043
-0.189357
-0.193732
-0.188821
-0.196971
-0.197256
-0.20487
-0.21945
-0.227152
-0.233537
-0.245955
-0.248568
-0.252943
-0.262126
-0.256908
-0.276049
-0.281932
-0.28595
-0.275648
-0.29161
-0.30118
-0.28284
-0.276786
-0.287763
-0.302613
-0.317969
-0.31938
-0.306111
-0.309635
-0.326731
-0.325772
-0.336435
-0.349964
-0.360463
-0.362338
-0.38084
-0.377267
-0.349662
-0.355648
-0.344566
-0.368443
-0.374973
-0.376764
-0.390063
-0.396373
-0.389216
-0.406113
-0.402289
-0.411791
-0.407142
-0.411067
-0.426176
-0.421755
-0.423629
-0.442394
-0.440971
-0.449621
-0.463411
-0.462799
-0.467485
-0.481579
-0.492707
-0.486904
-0.481216
-0.489344
-0.47332
-0.488699
-0.501247
-0.483965
-0.471045
-0.481152
-0.485759
-0.489497
-0.488745
-0.485195
-0.49051
-0.490075
-0.495415
-0.503394
-0.510362
-0.524835
-0.527628
-0.52049
-0.517615
-0.523442
-0.510776
-0.507894
-0.492698
-0.513967
-0.533451
-0.526253
-0.526086
-0.534395
-0.533024
-0.538114
-0.532878
-0.526567
-0.52193
-0.532794
-0.558772
-0.53978
-0.529468
-0.530517
-0.522673
-0.519385
-0.51498
-0.518114
-0.529919
-0.555312
-0.554371
-0.542846
-0.55127
-0.546805
-0.534504
-0.5348
-0.531788
-0.549094
-0.544524
-0.559716
-0.557793
-0.542461
-0.542719
-0.548964
-0.543756
-0.543975
-0.543801
-0.536503
-0.544764
-0.534818
-0.543301
-0.521805
-0.514327
-0.510465
-0.518509
-0.512101
-0.521055
-0.512498
-0.529236
-0.514558
-0.51617
-0.512489
-0.501151
-0.496333
-0.483446
-0.484807
-0.477398
-0.484462
-0.47854
-0.470069
-0.461638
-0.465629
-0.47657
-0.485686
-0.478035
-0.466212
-0.466989
-0.451112
-0.438196
-0.439026
-0.436244
-0.428482
-0.41747
-0.415953
-0.43178
-0.422543
-0.413421
-0.40857
-0.385554
-0.394119
-0.405667
-0.392936
-0.388665
-0.38973
-0.402666
-0.382597
-0.394749
-0.376686
-0.38244
-0.366431
-0.354206
-0.35224
-0.359127
-0.366486
-0.361885
-0.36539
-0.367565
-0.353395
-0.332183
-0.32436
-0.325671
-0.317633
-0.30859
-0.30386
-0.296741
-0.286078
-0.3113
-0.293203
-0.283632
-0.27633
-0.277856
-0.263212
-0.259033
-0.247809
-0.239809
-0.234475
-0.240001
-0.231824
-0.240871
-0.25353
-0.245578
-0.245618
-0.249357
-0.234471
-0.223398
-0.204649
-0.19738
-0.189285
-0.190338
-0.1911
-0.18604
-0.175932
-0.164558
-0.166834
-0.180437
-0.169294
-0.163509
-0.153031
-0.151515
-0.139909
-0.1467
-0.150042
-0.125261
-0.123279
-0.122367
-0.128808
-0.121614
-0.135795
-0.112726
-0.116657
-0.127941
-0.121404
-0.103981
-0.0979399
-0.101322
-0.0905381
-0.0722881
-0.0782509
-0.0714247
-0.0608752
-0.0586828
-0.0685367
-0.0847003
-0.0827443
-0.0633096
-0.0620767
-0.051845
-0.0580653
-0.0413059
-0.0339398
-0.0357956
-0.0454025
-0.0403934
-0.0352105
-0.0471414
-0.0399969
-0.0314778
-0.00622645
0.00650714
-0.0011705
-0.0138104
-0.00995218
-0.0124177
-0.0145619
-0.00491988
-0.005894
-0.0145696
-0.0104956
-0.00272452
0.00456997
-0.00638141
-0.000631985
0.00968115
0.0304295
0.0442505
0.0440822
0.0367778
0.0266453
0.0169652
0.00334535
0.0103267
0.0168472
0.0185614
0.0100802
0.0130396
0.0210812
0.0110172
0.0158614
0.0296112
0.0394022
0.0230454
0.0285533
0.0192453
0.0212195
0.0242437
0.0385246
0.0318457
0.00764606
0.0159927
0.0218642
0.00857953
0.0159802
0.01817
0.0233251
0.0141981
0.016428
0.00919209
0.00107305
0.0071067
0.00850236
0.00947692
0.00788946
0.00350698
0.0253063
0.0292539
0.014853
0.00533454
0.00787534
0.00273446
0.00167902
-0.00637027
0.0177838
0.0139099
