0.16516
0.165177
0.165216
0.16527
0.16534
0.16543
0.165533
0.16565
0.165783
0.165931
0.166096
0.166277
0.166472
0.166685
0.166909
0.167149
0.167405
0.167674
0.167959
0.168259
0.168578
0.168911
0.169262
0.169628
0.170004
0.170397
0.170803
0.17122
0.171656
0.172111
0.172578
0.17306
0.173555
0.174061
0.17458
0.175109
0.175649
0.1762
0.176767
0.177347
0.17794
0.178549
0.17917
0.179806
0.180449
0.181107
0.181775
0.182453
0.183145
0.183853
0.184571
0.185303
0.186043
0.186791
0.187545
0.188307
0.189079
0.18986
0.190651
0.191451
0.192259
0.193075
0.193899
0.194728
0.195568
0.196414
0.197264
0.198118
0.198977
0.199842
0.200709
0.201581
0.202458
0.20334
0.204227
0.205121
0.20602
0.206921
0.207824
0.208727
0.209633
0.210539
0.211444
0.212349
0.213257
0.214165
0.215073
0.215984
0.216896
0.217805
0.218714
0.21962
0.220524
0.221429
0.222332
0.223232
0.224131
0.225025
0.225915
0.226802
0.227687
0.228569
0.229453
0.230329
0.231201
0.232066
0.232925
0.233777
0.234625
0.235469
0.236306
0.237138
0.237965
0.238781
0.239587
0.240388
0.24118
0.241965
0.242744
0.243513
0.244269
0.245015
0.245748
0.246472
0.247187
0.24789
0.248584
0.249269
0.249938
0.250595
0.25124
0.25187
0.252486
0.253089
0.253675
0.254246
0.254799
0.255333
0.255854
0.256362
0.256855
0.257332
0.257796
0.258241
0.258666
0.259075
0.25947
0.259847
0.260205
0.260547
0.260874
0.261184
0.261475
0.261746
0.261999
0.262234
0.262451
0.262648
0.262822
0.262978
0.263117
0.263235
0.263335
0.263414
0.263475
0.263513
0.263529
0.263525
0.263505
0.263463
0.263396
0.263304
0.263196
0.263065
0.262915
0.262745
0.262557
0.262346
0.262114
0.261859
0.261583
0.261286
0.260966
0.260621
0.260249
0.259857
0.259446
0.259009
0.258551
0.258074
0.257573
0.257046
0.256494
0.255915
0.255312
0.254682
0.254029
0.253358
0.252664
0.251944
0.251205
0.250442
0.249658
0.24885
0.248023
0.247173
0.246307
0.245419
0.244508
0.243576
0.242619
0.241642
0.24065
0.239638
0.238603
0.237547
0.236468
0.235367
0.234249
0.233113
0.231957
0.230784
0.229591
0.228373
0.227136
0.225876
0.224598
0.223301
0.221986
0.22065
0.219296
0.217923
0.216529
0.215116
0.213684
0.212228
0.210752
0.209259
0.207747
0.206217
0.204674
0.203112
0.201534
0.199941
0.198329
0.196696
0.195049
0.193387
0.191712
0.190021
0.188321
0.186604
0.184874
0.183129
0.181368
0.179594
0.177808
0.176013
0.17421
0.172397
0.170572
0.168736
0.166893
0.165037
0.163173
0.161298
0.159413
0.15752
0.155617
0.153705
0.15179
0.149868
0.147939
0.146005
0.144064
0.142119
0.140171
0.138219
0.136262
0.134299
0.132331
0.130356
0.128376
0.126397
0.124413
0.122426
0.120435
0.118439
0.116438
0.114436
0.112432
0.110426
0.108421
0.106409
0.104397
0.102389
0.100377
0.0983639
0.0963549
0.0943454
0.0923343
0.0903273
0.0883221
0.0863198
0.0843233
0.082327
0.0803342
0.0783438
0.0763595
0.0743812
0.072407
0.0704376
0.068469
0.0665068
0.0645452
0.0625862
0.0606387
0.0587024
0.0567748
0.0548553
0.0529437
0.0510382
0.049143
0.0472584
0.0453834
0.0435178
0.0416611
0.0398117
0.037971
0.0361452
0.0343284
0.0325206
0.0307225
0.0289327
0.0271539
0.0253889
0.0236366
0.0219029
0.020181
0.0184718
0.0167774
0.0150981
0.0134354
0.0117868
0.0101514
0.00853135
0.00692719
0.00533799
0.0037643
0.00220829
0.000664532
-0.000864656
-0.00238118
-0.00388041
-0.00536062
-0.00682644
-0.00827579
-0.0097065
-0.0111201
-0.0125116
-0.0138886
-0.0152457
-0.0165837
-0.0179073
-0.0192109
-0.0204956
-0.0217609
-0.0230122
-0.0242454
-0.0254575
-0.0266483
-0.0278249
-0.0289876
-0.0301357
-0.0312618
-0.0323685
-0.0334556
-0.0345245
-0.0355728
-0.0365995
-0.0376058
-0.0385956
-0.039572
-0.0405296
-0.0414672
-0.0423871
-0.0432864
-0.0441708
-0.0450386
-0.0458839
-0.0467081
-0.0475161
-0.0483058
-0.0490769
-0.0498245
-0.0505532
-0.0512643
-0.0519546
-0.0526231
-0.053272
-0.0538991
-0.0545069
-0.0550964
-0.0556704
-0.056226
-0.0567615
-0.0572823
-0.0577866
-0.0582729
-0.0587425
-0.0591926
-0.0596266
-0.0600432
-0.0604433
-0.0608231
-0.0611889
-0.0615383
-0.0618655
-0.0621765
-0.0624737
-0.0627554
-0.0630238
-0.0632788
-0.063515
-0.0637292
-0.0639317
-0.0641193
-0.0642911
-0.0644463
-0.0645823
-0.0647037
-0.0648067
-0.0648927
-0.0649637
-0.0650222
-0.0650676
-0.0650956
-0.0651136
-0.0651183
-0.0651144
-0.0650945
-0.0650599
-0.0650108
-0.0649492
-0.0648732
-0.0647829
-0.0646752
-0.0645542
-0.0644228
-0.0642802
-0.0641267
-0.0639627
-0.0637892
-0.0636048
-0.0634093
-0.0632059
-0.0629926
-0.0627714
-0.0625395
-0.0622993
-0.0620533
-0.0617977
-0.0615353
-0.0612655
-0.0609891
-0.0607055
-0.0604109
-0.0601102
-0.0598078
-0.059502
-0.0591906
-0.0588731
-0.0585521
-0.0582265
-0.057896
-0.0575626
-0.0572294
-0.0568874
-0.0565446
-0.0561975
-0.055851
-0.0554973
-0.055142
-0.0547862
-0.054429
-0.0540712
-0.05371
-0.0533465
-0.0529819
-0.0526194
-0.052257
-0.0519003
-0.051546
-0.0511896
-0.0508347
-0.0504813
-0.0501316
-0.0497849
-0.0494415
-0.0491006
-0.0487641
-0.0484289
-0.0481003
-0.0477739
-0.0474517
-0.0471351
-0.0468255
-0.0465223
-0.0462304
-0.0459497
-0.0456781
-0.0454145
-0.0451569
-0.0449064
-0.0446611
-0.0444237
-0.0441942
-0.0439785
-0.0437744
-0.0435803
-0.0433956
-0.0432217
-0.0430603
-0.0429154
-0.0427825
-0.0426632
-0.0425572
-0.0424646
-0.0423865
-0.042324
-0.0422741
-0.0422363
-0.0422121
-0.0422035
-0.0422115
-0.0422318
-0.0422682
-0.0423183
-0.0423818
-0.0424611
-0.0425573
-0.042667
-0.0427879
-0.0429239
-0.0430766
-0.0432451
-0.0434331
-0.0436362
-0.0438573
-0.0440925
-0.0443408
-0.0446073
-0.0448868
-0.0451798
-0.0454881
-0.0458096
-0.0461495
-0.0465059
-0.0468763
-0.0472619
-0.0476625
-0.0480804
-0.0485099
-0.0489554
-0.0494152
-0.0498937
-0.0503916
-0.0509078
-0.0514418
-0.0519873
-0.052551
-0.0531306
-0.0537278
-0.0543423
-0.0549722
-0.0556218
-0.0562902
-0.056976
-0.0576823
-0.0584108
-0.0591547
-0.0599169
-0.0606944
-0.061492
-0.062309
-0.0631428
-0.0639933
-0.0648599
-0.0657468
-0.066651
-0.0675727
-0.068509
-0.0694637
-0.0704428
-0.0714402
-0.0724515
-0.0734807
-0.0745236
-0.0755841
-0.0766573
-0.0777493
-0.0788609
-0.0799931
-0.0811453
-0.0823121
-0.0834962
-0.0846987
-0.0859146
-0.0871468
-0.0883966
-0.0896586
-0.0909337
-0.0922259
-0.093533
-0.0948563
-0.0961977
-0.0975547
-0.098924
-0.100309
-0.101708
-0.103118
-0.104547
-0.105989
-0.107443
-0.10891
-0.110394
-0.111892
-0.113404
-0.114928
-0.116464
-0.118013
-0.119572
-0.121143
-0.122723
-0.124312
-0.12591
-0.127515
-0.12913
-0.130754
-0.132388
-0.134025
-0.135669
-0.137321
-0.138983
-0.140652
-0.142329
-0.144009
-0.145696
-0.14739
-0.149091
-0.150799
-0.152512
-0.154231
-0.155955
-0.157682
-0.159413
-0.161145
-0.162881
-0.164624
-0.166368
-0.168114
-0.169864
-0.171615
-0.173373
-0.175128
-0.176881
-0.178632
-0.18039
-0.182149
-0.183906
-0.185663
-0.187418
-0.189175
-0.190929
-0.192684
-0.194438
-0.19619
-0.197937
-0.199682
-0.201422
-0.203157
-0.204887
-0.20661
-0.20833
-0.210043
-0.211748
-0.213444
-0.215137
-0.216821
-0.218494
-0.220162
-0.221826
-0.223484
-0.225134
-0.226773
-0.228401
-0.230024
-0.231639
-0.233244
-0.23484
-0.236427
-0.238002
-0.239563
-0.241114
-0.242649
-0.244168
-0.24568
-0.247179
-0.248672
-0.250152
-0.251618
-0.253073
-0.254513
-0.255938
-0.257352
-0.258749
-0.260133
-0.261501
-0.262855
-0.264195
-0.265517
-0.266824
-0.268117
-0.26939
-0.270647
-0.271887
-0.273107
-0.274308
-0.27549
-0.276652
-0.27779
-0.278908
-0.280006
-0.281082
-0.282141
-0.283179
-0.284192
-0.285186
-0.286164
-0.287121
-0.288059
-0.288976
-0.289873
-0.290751
-0.291609
-0.292447
-0.293265
-0.294062
-0.294839
-0.295591
-0.296319
-0.297024
-0.297709
-0.298369
-0.29901
-0.299627
-0.30023
-0.30081
-0.301365
-0.301898
-0.30241
-0.302897
-0.303362
-0.303802
-0.30422
-0.304615
-0.30499
-0.305344
-0.305668
-0.305969
-0.30625
-0.306506
-0.306742
-0.306957
-0.307151
-0.307325
-0.307478
-0.307604
-0.307704
-0.307783
-0.307836
-0.307864
-0.307871
-0.307855
-0.307818
-0.307755
-0.307671
-0.307559
-0.307421
-0.307261
-0.307079
-0.306871
-0.306639
-0.306384
-0.306105
-0.305804
-0.305477
-0.30513
-0.304755
-0.30436
-0.303945
-0.30351
-0.303052
-0.302575
-0.302074
-0.301554
-0.301009
-0.300444
-0.299857
-0.299248
-0.298619
-0.29797
-0.297303
-0.296617
-0.295915
-0.295192
-0.29445
-0.293692
-0.292917
-0.292126
-0.291316
-0.290485
-0.289635
-0.288769
-0.287883
-0.286981
-0.286066
-0.285134
-0.284187
-0.283226
-0.282252
-0.281266
-0.280262
-0.279245
-0.278214
-0.277169
-0.276116
-0.275051
-0.273971
-0.27288
-0.271778
-0.270665
-0.269536
-0.268399
-0.267246
-0.266084
-0.264909
-0.263723
-0.26253
-0.261329
-0.260118
-0.258895
-0.257663
-0.25642
-0.255164
-0.253897
-0.252624
-0.251345
-0.250057
-0.248763
-0.247463
-0.246157
-0.244845
-0.243534
-0.242211
-0.240883
-0.239552
-0.238218
-0.236878
-0.235537
-0.234193
-0.232848
-0.231502
-0.230157
-0.22881
-0.227464
-0.226117
-0.224765
-0.223412
-0.222057
-0.220698
-0.219338
-0.217976
-0.216617
-0.21526
-0.213906
-0.212555
-0.211205
-0.209857
-0.208512
-0.207174
-0.20584
-0.204506
-0.203177
-0.201851
-0.200531
-0.199214
-0.197906
-0.196602
-0.1953
-0.194007
-0.192722
-0.191444
-0.190171
-0.188907
-0.187645
-0.186393
-0.185149
-0.183908
-0.182673
-0.181447
-0.18023
-0.179019
-0.177817
-0.176628
-0.175447
-0.174276
-0.173117
-0.171971
-0.170836
-0.169708
-0.168587
-0.167478
-0.166379
-0.165293
-0.164215
-0.16315
-0.1621
-0.161062
-0.160035
-0.15902
-0.158019
-0.157027
-0.156046
-0.155077
-0.154123
-0.153188
-0.152268
-0.151361
-0.150468
-0.149589
-0.148723
-0.147872
-0.147035
-0.146211
-0.1454
-0.144604
-0.143824
-0.143056
-0.142302
-0.141562
-0.14084
-0.140138
-0.139455
-0.138789
-0.138141
-0.137508
-0.136888
-0.136282
-0.135692
-0.135118
-0.134558
-0.134012
-0.133483
-0.132967
-0.132465
-0.13198
-0.131515
-0.131063
-0.130628
-0.130207
-0.129801
-0.12941
-0.129037
-0.128682
-0.128338
-0.128008
-0.127695
-0.127394
-0.127108
-0.126836
-0.12658
-0.126337
-0.12611
-0.125896
-0.125693
-0.125504
-0.125329
-0.125167
-0.125019
-0.124881
-0.12476
-0.124656
-0.124565
-0.124487
-0.124422
-0.12437
-0.124331
-0.1243
-0.124287
